10
300
-0.148730
0.039191
-0.044569
0.230181
-0.008433
-0.251468
0.086930
-0.267836
-0.341995
-0.283743
-0.355906
0.031047
-0.248968
-0.270892
-0.356502
0.164637
-0.011342
-0.297911
0.195204
0.293024
0.308104
-0.002349
-0.326966
-0.326863
0.343314
0.314057
0.112460
0.058258
0.124487
-0.282892
0.229154
0.002806
0.147335
-0.058952
0.125442
-0.310220
0.029335
0.101653
-0.154592
-0.116000
0.089451
-0.338427
0.007417
-0.185127
0.309882
0.132228
0.160179
0.342685
0.058381
0.220228
-0.306646
0.030423
-0.289215
-0.031483
0.019085
-0.236300
0.162626
-0.322827
0.295162
0.191305
-0.358807
0.100116
-0.056578
-0.177531
-0.292124
-0.130914
0.170951
-0.138293
0.226977
-0.270855
0.278791
0.272592
0.336805
-0.060519
-0.371996
0.363121
-0.073296
-0.370512
-0.014490
-0.100541
0.334069
0.015325
-0.254237
-0.223593
-0.325105
0.314072
-0.192135
-0.260427
0.297156
-0.003366
0.133871
-0.080880
0.112301
-0.036342
-0.297142
-0.011396
-0.226794
0.294529
0.270065
-0.010507
0.037024
-0.101569
0.280097
-0.305770
-0.255879
-0.190899
0.134793
0.138403
-0.079207
-0.128689
-0.165906
-0.356484
0.052088
-0.011494
-0.245691
0.115173
0.319084
-0.002395
-0.262015
-0.085848
0.020347
0.256296
-0.129522
-0.314369
-0.395680
0.240185
-0.147252
0.353693
0.079172
0.035713
0.328296
0.041273
-0.333360
-0.177391
-0.212583
-0.068793
0.212892
0.196040
0.070839
0.219259
-0.015137
0.067065
0.032667
-0.134628
0.186115
0.269175
0.241717
-0.105701
-0.202811
0.026760
-0.012988
-0.340355
0.217001
-0.063220
-0.133543
-0.109336
-0.209362
-0.379989
-0.138424
0.262073
-0.193739
-0.174316
-0.288879
0.195261
-0.326098
-0.292107
0.022401
-0.301015
0.310102
-0.382351
0.030176
-0.269370
-0.094292
-0.129170
-0.138200
-0.366039
-0.365229
-0.291385
-0.319057
-0.335346
-0.156452
-0.350856
-0.218670
-0.212476
0.133013
-0.219313
0.321282
-0.374568
-0.056910
0.018575
0.075817
-0.354000
-0.096816
0.222932
0.172503
-0.350745
0.035842
0.030260
0.055964
-0.229658
0.322859
-0.186762
0.143034
-0.113002
-0.054622
-0.268968
0.144690
-0.147160
-0.315748
0.060063
0.214550
-0.217514
0.138612
-0.240972
0.223546
-0.152366
-0.274956
-0.265392
0.025547
-0.264619
-0.160816
-0.161739
0.185215
0.028894
-0.016762
-0.332819
-0.279978
0.243362
-0.230188
-0.184783
-0.231703
0.146887
0.290889
-0.323014
-0.151038
-0.170505
-0.140062
-0.386499
0.184788
0.041266
-0.410533
0.346421
0.075861
-0.079834
-0.115837
-0.123830
-0.192829
0.346759
0.038207
0.406000
-0.039944
0.327387
-0.194972
-0.130015
0.209857
-0.056446
-0.282709
0.199657
-0.329203
0.328672
0.346270
-0.203662
-0.230550
0.237982
-0.301612
0.240885
0.164323
0.057204
-0.095386
0.047584
-0.315199
0.192270
-0.239548
0.193379
0.003939
-0.138437
-0.016586
-0.134297
-0.028167
-0.328668
-0.306960
0.252825
0.400070
0.145856
-0.063783
-0.075841
-0.313567
-0.217130
0.015397
0.007541
-0.167743
0.154644
-0.078073
-0.234840
0.142576
-0.141173
0.163345
-0.130252
-0.071169
-0.010419
0.081291
0.093263
-0.273599
0.037254
0.012253
0.106524
0.086053
-0.427610
-0.190984
-0.216336
0.300735
-0.389646
-0.305534
-0.428191
-0.144686
0.321899
-0.209982
0.126008
0.101548
-0.083650
-0.180256
0.202286
-0.101688
0.037969
-0.305556
-0.036816
-0.166968
0.249524
0.295162
-0.361537
-0.183620
-0.105638
-0.280496
-0.336032
-0.179414
0.019253
-0.365978
-0.188131
-0.027397
-0.269166
0.287567
-0.282776
0.156115
0.101242
-0.199616
0.022324
-0.274614
-0.272641
-0.091605
0.133278
0.236471
-0.011113
-0.330724
-0.266922
0.276737
0.029941
-0.232778
-0.309906
0.315604
-0.330125
0.056179
-0.198304
-0.311496
-0.013581
-0.238942
-0.157796
-0.267165
0.219234
0.136828
0.085346
0.320417
-0.215344
-0.271068
0.138043
0.072293
-0.339027
0.066775
-0.035707
0.177531
-0.108054
-0.266054
-0.012806
0.158900
0.251887
0.247415
0.168408
0.193635
-0.127628
-0.093449
-0.165966
-0.043718
0.096273
-0.225028
0.093027
0.087112
0.179814
0.051041
0.246996
-0.419749
-0.381799
0.119466
0.151064
-0.273941
-0.359390
-0.057808
0.177414
-0.373675
0.147398
-0.362049
-0.419063
0.169957
-0.076305
-0.209776
0.017649
0.073379
0.015566
-0.219300
0.321247
-0.037941
0.126117
0.117738
0.106866
-0.471941
0.054545
-0.265580
0.131226
0.016956
-0.297704
-0.259587
0.034477
-0.061227
0.114019
-0.077656
0.025592
-0.232704
-0.226114
-0.387356
0.133348
-0.347678
-0.115613
-0.377908
-0.013032
-0.110423
-0.058487
-0.037151
0.269019
-0.113623
0.088217
-0.226062
0.324178
0.084931
-0.204113
-0.014384
0.157685
-0.311359
-0.113455
-0.311645
-0.095880
0.107765
-0.078155
0.095133
-0.263149
-0.075136
-0.269926
-0.226218
-0.349505
-0.139455
-0.021747
-0.314612
0.032489
-0.188111
-0.067793
0.019970
-0.172460
-0.082163
-0.142796
0.270707
-0.035102
-0.317323
-0.303740
-0.006798
0.228714
-0.304155
0.017307
0.086382
0.214484
-0.018524
0.213317
-0.293719
0.159072
-0.280966
0.207149
0.098919
-0.036930
0.374874
-0.114380
-0.033946
-0.019005
-0.064774
0.150655
-0.055668
-0.028305
-0.033236
-0.201309
-0.295291
-0.409288
0.228877
-0.259274
0.115256
0.089106
-0.202433
-0.265043
-0.364152
-0.271212
-0.337882
0.202413
-0.274389
-0.273623
0.363305
0.185289
0.122062
0.105369
0.183295
-0.205179
-0.167572
-0.050703
-0.268685
-0.140715
0.277144
0.254193
-0.434975
-0.335007
-0.099489
-0.259985
-0.291698
0.152776
0.097759
-0.069291
-0.292743
-0.216711
0.165573
-0.199318
-0.018464
-0.394556
-0.211494
0.054648
-0.166662
-0.000809
0.277307
-0.139010
0.078315
0.001447
0.077583
0.187909
-0.260290
0.274010
-0.144012
-0.220369
-0.331936
-0.188118
-0.122763
-0.301381
-0.279097
-0.204893
-0.349408
0.026239
0.071395
-0.032124
-0.317981
-0.346090
0.253287
-0.221677
-0.151101
-0.249010
-0.094722
0.236312
-0.288653
0.175038
-0.054768
-0.078281
0.064632
0.016492
-0.364934
-0.213195
-0.029662
-0.228614
0.223856
0.249522
-0.003279
-0.033584
0.084715
-0.223748
-0.402376
-0.270388
-0.131922
0.170191
-0.270791
0.222921
0.242649
-0.361529
-0.093650
-0.232984
-0.393987
-0.039706
0.033075
0.240331
0.263612
-0.120374
0.010048
0.226430
-0.256183
0.063559
-0.188749
-0.050579
-0.353969
-0.065666
0.067566
-0.257187
0.328009
-0.065758
-0.388846
-0.276421
0.201955
0.188492
0.283174
0.134327
-0.321454
0.238314
-0.042799
0.011972
0.228120
-0.090153
0.233352
-0.103888
0.115032
-0.059597
-0.276931
-0.173263
-0.208392
-0.041718
0.199444
0.084179
0.261536
-0.271549
-0.426970
-0.366414
-0.322228
0.186303
0.128634
0.161624
0.062076
0.076878
-0.281718
0.054142
-0.373658
0.139495
0.208896
0.379229
0.080320
0.014642
-0.332849
0.048696
-0.124979
0.142706
-0.141656
-0.213856
-0.077508
0.156453
0.152041
0.297962
0.147748
-0.350707
-0.165113
0.026967
-0.197979
-0.374668
-0.428834
0.214172
0.234747
-0.084534
0.013662
-0.144982
0.170449
0.098345
0.358223
0.264751
0.112665
-0.155077
0.012438
-0.114279
-0.023772
-0.475838
-0.449661
0.222002
0.155332
-0.309150
-0.306090
0.011662
0.316425
-0.217937
0.226030
-0.161386
0.014871
-0.138319
0.238745
-0.045344
0.092033
-0.283682
-0.417488
0.059190
0.083533
-0.252240
-0.141381
0.046513
0.143774
-0.392074
-0.110618
-0.469729
-0.350508
-0.232537
-0.022211
0.091699
-0.312096
-0.148836
-0.364541
0.000740
-0.364068
0.086986
0.209891
-0.259600
-0.133311
0.002301
-0.347345
-0.320678
-0.189308
-0.321278
-0.404419
0.124488
0.034757
-0.091461
-0.014524
-0.323248
-0.088092
-0.025830
0.301341
0.257176
0.269534
0.071207
-0.093284
0.246164
0.068544
-0.236301
-0.012587
0.036283
0.078706
-0.157534
-0.308404
0.191080
0.166065
0.040234
-0.153502
-0.222663
0.133143
0.072058
-0.005801
0.323973
0.080670
0.172621
-0.240879
-0.097115
0.354098
-0.196624
0.213777
0.113134
-0.071283
-0.367533
-0.265508
-0.361210
0.064130
0.327956
0.281190
0.229744
-0.048666
-0.356421
-0.126819
0.009941
-0.028540
0.250236
0.070074
0.202394
-0.086663
-0.310441
-0.064250
-0.002202
-0.386422
-0.288367
0.341777
0.106588
-0.043056
-0.175480
-0.394781
-0.271899
0.256893
-0.164202
-0.328998
-0.208379
-0.170147
-0.306335
-0.317523
0.206629
0.155524
-0.004171
-0.081619
-0.155062
0.229594
-0.389366
0.085827
0.019492
-0.133578
0.170445
-0.075415
-0.192294
0.187811
-0.382274
0.161515
0.100464
0.280163
-0.244960
0.135681
-0.100349
-0.384814
0.121098
0.145751
-0.193728
-0.415372
-0.125683
-0.357920
0.352546
0.194903
0.181182
0.077673
-0.207289
0.047840
-0.257369
0.181409
-0.240356
-0.241782
0.036968
0.143352
0.179022
0.176629
-0.374484
0.248993
0.074701
-0.138048
-0.133891
-0.135034
-0.355056
0.199317
-0.202342
0.175952
0.313597
-0.046484
-0.115585
0.096993
-0.083526
0.281624
-0.225700
-0.298446
-0.113723
-0.379375
-0.065224
0.162508
-0.356821
-0.076636
-0.368004
-0.052622
0.233202
0.083188
0.273078
-0.253418
0.004871
0.273218
0.120720
-0.151306
-0.243918
0.028685
0.229757
-0.250379
-0.044777
-0.120785
0.161263
0.003834
0.182519
-0.031707
-0.127918
0.197465
-0.099088
-0.462530
0.008325
0.280231
-0.279242
0.107187
-0.395307
-0.298614
0.105705
0.225810
0.138425
0.144079
-0.072611
0.081045
0.144880
-0.079951
-0.120210
0.048726
-0.206352
-0.246586
-0.024706
-0.019792
-0.007052
-0.285621
-0.008452
-0.045081
-0.197571
-0.204619
-0.245098
-0.253938
0.213244
-0.111887
-0.110373
0.082939
-0.069663
-0.399966
-0.370105
-0.051451
-0.251824
-0.252375
-0.015698
-0.018368
0.120718
-0.162921
0.066184
-0.178732
-0.180964
-0.359291
0.167573
-0.264101
-0.165796
0.041620
0.185737
-0.206104
0.017648
-0.451734
-0.445926
-0.235628
0.192653
0.077331
-0.300967
-0.214493
-0.252080
-0.491154
0.088858
0.034203
0.112610
-0.180146
0.070533
0.107385
0.101015
0.227545
0.056588
-0.248513
0.041247
-0.366970
0.264808
0.222328
0.089189
0.018480
0.331794
-0.253811
0.249822
-0.133422
-0.158193
0.281418
-0.406060
-0.333428
0.256780
0.079440
0.004912
-0.186412
0.088183
-0.133863
0.265994
-0.405918
-0.133960
-0.406025
-0.222548
-0.121056
-0.046414
0.044060
-0.374877
0.101215
-0.361481
0.127762
-0.275954
-0.121730
0.064303
0.094749
0.214741
-0.391326
-0.486587
0.206837
-0.081012
-0.219460
-0.323157
-0.144439
0.063001
-0.220674
-0.236482
-0.363144
-0.089890
0.237405
-0.063096
-0.193974
0.232551
0.021526
0.295624
-0.042812
0.048340
-0.006757
-0.230861
-0.037727
0.113338
-0.257965
0.014801
0.114926
-0.159216
-0.158730
-0.157989
0.095236
0.176904
-0.403288
-0.209079
-0.400251
-0.372522
0.137593
0.016961
0.211591
0.158328
0.154290
0.001851
-0.191210
0.062353
0.201995
0.197912
-0.215097
0.280592
-0.396190
0.180503
-0.017460
-0.218161
-0.430739
-0.417287
0.090858
-0.522044
0.050114
-0.084007
-0.157404
0.008139
0.145999
0.076369
-0.106479
0.165367
-0.398011
0.170724
-0.180222
0.290516
-0.319589
-0.050322
-0.098058
-0.083113
-0.321663
-0.182616
-0.264394
-0.284204
0.050797
-0.387162
0.023931
-0.251143
-0.269772
-0.159775
-0.289446
-0.428519
0.015255
-0.006170
-0.082110
-0.243648
-0.255824
0.053359
0.139965
0.289405
0.206800
0.223746
-0.251235
0.088811
-0.109098
0.142651
-0.244943
-0.087580
-0.332260
-0.034451
0.090837
-0.391563
-0.073215
-0.041543
-0.177168
-0.251597
-0.370470
0.089569
0.077867
0.250306
-0.084661
-0.040907
-0.407500
0.150931
0.225835
-0.268624
-0.316904
0.194542
0.152531
0.153751
0.006777
-0.013123
-0.311157
0.188537
-0.094557
-0.265985
0.202477
-0.369886
-0.249205
0.001832
0.234717
0.171973
-0.102293
-0.169303
-0.402933
0.305933
-0.180115
0.217138
-0.069919
-0.007319
-0.258026
-0.387709
-0.182619
-0.085158
0.136985
0.051127
-0.120263
-0.377987
0.133897
-0.183080
-0.484234
-0.442773
-0.355224
-0.307763
-0.298023
-0.205970
-0.220439
-0.310530
-0.351666
0.148114
-0.124613
-0.027711
0.332381
0.241485
0.211402
-0.407294
0.081444
-0.057065
-0.079382
-0.071962
0.286267
-0.406136
0.127535
-0.011504
0.112176
-0.138284
0.005330
0.105297
-0.367531
-0.151907
0.247898
-0.223845
-0.071057
0.217714
0.145660
-0.055470
-0.471047
0.246378
-0.212771
0.171590
0.321219
-0.346310
-0.093618
-0.324795
0.193314
0.091332
-0.034575
-0.355202
0.090084
0.022045
-0.073061
-0.462220
0.025270
-0.195920
-0.232004
-0.055153
-0.102023
-0.403829
0.161688
-0.161049
0.159392
0.109605
-0.218819
-0.295557
-0.036957
-0.272351
0.270191
0.299208
0.081180
-0.223411
0.136183
0.184476
0.109408
-0.111339
0.032463
0.174465
0.211809
0.034519
-0.284249
0.299521
0.133838
0.241350
-0.072288
0.333323
-0.101109
-0.372161
0.211325
0.077397
0.239797
-0.169039
0.182239
-0.177199
-0.415947
0.041258
0.292330
-0.058938
-0.204344
0.101692
-0.142988
0.059889
0.343148
-0.004760
0.130467
-0.380761
0.267161
0.014419
-0.212738
-0.184444
-0.353918
0.222248
0.112735
0.179673
-0.011576
0.215187
-0.000460
-0.018369
-0.202796
-0.196118
-0.202422
-0.130443
0.111221
0.016157
-0.438492
0.264714
-0.320582
0.025694
-0.201225
0.214400
-0.023195
0.227995
-0.392676
-0.200995
0.333702
-0.301060
0.120753
-0.386429
-0.021046
0.202661
0.001973
-0.153382
-0.260009
0.193772
-0.287221
-0.413136
-0.346101
-0.358635
-0.040484
-0.348598
0.303381
-0.115036
0.175951
0.323751
-0.239211
-0.306692
0.076921
-0.185302
-0.281978
0.254388
-0.386441
0.163502
-0.317467
-0.330946
-0.383599
0.174757
0.338234
-0.167794
-0.240122
-0.408284
0.300976
-0.125572
-0.004305
0.004082
0.274656
0.045368
0.180009
-0.256563
0.025748
-0.372213
-0.169155
-0.307194
-0.415671
0.144701
-0.066081
-0.387998
-0.363918
0.260129
-0.418672
-0.268050
0.331354
0.259470
-0.246843
-0.386961
0.304111
-0.086723
0.053948
0.023965
-0.278388
-0.301895
-0.331734
0.132718
0.103212
-0.407353
-0.099681
0.245936
-0.197696
-0.157386
-0.416595
-0.095770
0.264696
-0.252809
-0.281256
0.168147
-0.356962
-0.064905
0.014289
-0.268361
0.413774
0.255207
-0.354482
0.322002
0.076739
0.154294
-0.230768
-0.079650
0.178392
0.229949
-0.324447
-0.260556
-0.197642
0.072002
0.208354
-0.082480
-0.149416
0.025625
0.072231
0.259008
-0.282325
0.207637
-0.245969
0.059631
-0.402946
0.319753
0.154667
-0.032790
0.305123
-0.354536
-0.130974
-0.169003
-0.075105
-0.351069
-0.379779
0.168335
-0.350067
0.110433
0.159679
-0.092767
0.342934
0.175262
0.214821
-0.236550
0.255833
-0.152336
0.170543
-0.292119
-0.273413
0.140149
0.168959
-0.040331
-0.064083
0.334530
-0.222732
-0.051119
0.290934
-0.211804
-0.409749
0.251669
-0.075258
-0.019710
0.111401
0.266275
-0.112623
0.137689
-0.312882
-0.082317
-0.260943
-0.230220
0.074131
0.261202
0.117999
-0.416289
0.141404
0.245503
-0.266638
0.127879
0.198906
-0.042826
-0.060568
-0.226061
-0.096574
0.017683
0.190039
-0.003710
0.124452
-0.166393
-0.274451
0.106303
0.314728
-0.140746
-0.125487
-0.199763
-0.353973
-0.343596
0.285326
-0.137474
-0.211767
0.019889
0.383070
-0.310071
-0.058815
-0.101933
-0.087716
-0.074024
-0.096638
-0.017115
-0.135598
-0.406436
0.143411
0.092352
-0.164233
0.072928
0.043933
0.354601
0.097324
-0.160089
0.096693
-0.292860
-0.253555
0.013973
0.064300
-0.135788
0.107494
0.053978
-0.063256
-0.160525
0.105796
-0.124617
0.200216
-0.102139
0.262312
-0.024238
0.171396
-0.284602
-0.154455
-0.099353
-0.282061
-0.244687
0.309588
-0.178649
-0.011394
-0.366691
0.088867
0.116208
-0.266969
0.035500
0.296341
0.283365
0.036311
0.292789
-0.234995
-0.084152
0.190117
0.062392
0.116686
0.117680
-0.318591
0.146037
-0.019734
0.336704
0.132630
-0.005176
0.096510
-0.106839
-0.387240
0.253615
-0.401533
-0.051624
-0.434087
-0.408070
0.047648
-0.261430
-0.433757
-0.200851
0.153204
-0.142529
0.042028
0.008672
0.149530
-0.212180
-0.268001
0.263479
0.397143
-0.282593
-0.162998
-0.119419
0.339876
0.094932
0.270492
0.268171
-0.425868
0.280693
0.259499
-0.267163
-0.388076
0.204537
0.051806
-0.278680
-0.100782
-0.312960
-0.340002
0.235450
0.032424
-0.018207
-0.328918
0.240029
-0.212842
0.272426
0.372197
-0.174356
-0.314078
0.101827
-0.194434
0.301631
0.418798
-0.176950
-0.380265
0.039032
-0.199853
0.280247
-0.172850
0.180457
0.350116
-0.006381
0.404836
-0.359769
-0.140660
0.036085
-0.218806
0.361368
-0.197459
0.221257
0.340767
0.394685
-0.144736
-0.189537
0.044855
0.297239
-0.446981
0.360005
0.129540
0.015187
-0.370943
-0.085282
-0.196971
0.056459
-0.016537
0.044320
0.272541
0.155604
0.017109
0.393205
-0.357111
-0.044471
-0.020916
0.224390
0.135384
0.227856
0.084566
0.045203
0.244405
-0.029079
-0.352417
0.214776
-0.150807
-0.197837
-0.246515
-0.360998
-0.039774
0.179870
0.286315
0.096433
0.283839
0.260051
-0.090575
0.256782
-0.106300
0.360530
0.278858
0.057632
0.078694
-0.220130
-0.256825
-0.123923
0.379539
0.065744
-0.043470
-0.106225
0.356810
-0.020408
0.321000
0.198139
-0.129810
0.042169
-0.072636
0.296631
0.358275
0.126549
0.129137
-0.094260
-0.212450
0.340109
-0.287031
0.158374
0.372155
-0.214698
0.282492
0.170699
0.301459
0.308720
0.282726
0.258532
-0.064195
-0.056186
-0.289540
-0.414320
-0.120018
0.017693
0.068412
0.023740
-0.407316
-0.277450
-0.163608
-0.119765
0.384583
-0.413189
-0.130591
-0.018209
0.072064
-0.085515
-0.149141
-0.352668
-0.113774
-0.303174
-0.096987
0.030871
-0.400585
-0.107417
0.298934
-0.076742
-0.016683
0.322784
0.308610
-0.213428
0.167864
0.093701
0.215177
0.291335
-0.017644
-0.256666
0.090030
0.155694
-0.261255
-0.319935
0.055483
0.345077
-0.087726
-0.305131
-0.213434
0.026328
-0.121400
-0.078066
0.009563
0.188267
-0.325256
-0.285118
-0.263393
0.094221
-0.326652
0.295519
0.112214
0.250400
0.292231
-0.116876
-0.044677
0.235281
0.061775
-0.024694
-0.337255
0.404508
-0.152010
-0.190875
-0.136986
0.286434
0.227819
-0.265023
0.201865
-0.187746
-0.165735
0.285404
0.002639
-0.288809
0.215556
-0.034330
0.398586
-0.076835
-0.114198
-0.342973
-0.067893
0.232837
0.074304
0.233571
0.049413
0.078134
-0.374051
0.016017
0.034481
0.211923
-0.315372
0.360654
0.223962
0.000324
0.184315
-0.200015
-0.297283
0.011727
0.133687
-0.352841
-0.157625
-0.255519
0.441935
-0.174949
-0.361500
-0.207151
0.258708
0.002228
-0.024572
-0.268905
0.342275
-0.215354
-0.431369
0.286894
0.201721
0.179938
-0.314052
-0.176185
0.297892
0.228326
0.113545
0.274351
-0.225632
0.315803
-0.142306
-0.129726
-0.004546
-0.228944
-0.201575
0.163361
-0.130003
-0.143986
-0.017012
0.176832
-0.301975
-0.107104
0.341939
0.076155
-0.004052
-0.217587
-0.351003
-0.252172
-0.265102
-0.349430
-0.189570
-0.315104
0.006314
0.227575
0.233053
-0.196264
-0.042576
-0.054099
0.051216
-0.228020
0.027505
-0.286432
-0.318911
-0.129147
0.067668
-0.292329
-0.335606
0.182319
0.173856
0.151762
0.327239
-0.320215
-0.062207
0.057002
0.233860
0.330381
-0.268775
0.117716
-0.339449
-0.177895
0.294738
0.265078
0.222947
-0.272624
-0.078667
-0.247454
-0.346187
-0.239993
0.169735
-0.385933
-0.013480
-0.262752
0.189639
-0.002197
-0.340268
-0.116615
0.191203
-0.270131
-0.299031
-0.187879
-0.275126
-0.214406
0.163653
-0.148550
0.267388
0.263526
0.121690
0.054117
0.244956
-0.026329
-0.237686
0.243195
0.117312
-0.337512
-0.070413
0.002986
-0.345246
-0.322888
0.004345
-0.172550
0.058524
0.189876
-0.070036
0.252596
-0.260988
-0.356886
0.333221
0.328342
-0.292253
0.172236
-0.259125
0.198715
0.041360
-0.034258
0.187203
-0.174871
0.109871
-0.159830
0.167665
0.116467
-0.001468
0.157331
0.138969
-0.343831
0.259482
-0.021462
-0.399318
-0.127227
-0.308426
-0.292978
-0.190921
-0.335001
-0.419499
0.017119
-0.364706
-0.168817
0.399959
-0.043769
-0.220964
-0.338018
-0.142118
0.273109
-0.056141
0.173035
0.062108
-0.143145
0.151481
-0.299441
-0.355847
0.219290
0.186822
-0.245231
-0.239437
-0.065589
-0.339830
0.144501
-0.069766
-0.280065
-0.366792
-0.298149
-0.170855
-0.218024
0.088416
0.147386
0.131049
-0.056403
-0.460046
0.095928
0.323757
-0.321352
-0.162214
-0.291109
0.173402
0.269854
0.114784
0.032286
0.094539
0.037923
-0.115283
-0.223583
-0.203192
0.147785
-0.262505
0.354783
0.090892
0.058299
0.118041
0.271342
0.239275
0.286243
-0.105815
-0.074106
-0.031282
-0.373281
0.072891
0.050813
0.307698
-0.238119
-0.234811
-0.380706
-0.148200
0.137689
0.244347
-0.253614
-0.269578
-0.284281
-0.177508
0.114746
-0.087662
-0.290465
-0.258603
0.147466
0.282847
-0.357029
-0.324732
-0.203528
-0.282343
-0.267924
-0.002226
-0.045709
-0.174757
-0.347569
-0.030189
0.190659
0.019663
0.333908
-0.195820
0.359212
-0.228097
-0.147035
0.143705
-0.219743
-0.061583
-0.146538
0.110556
-0.036499
0.063812
-0.397691
-0.100098
-0.339490
0.305215
-0.243969
0.073661
0.114042
0.135390
0.260110
0.167156
0.077457
-0.374029
-0.238150
0.191624
0.046289
0.118951
0.137046
-0.383881
-0.316973
0.147205
-0.177536
0.007368
0.139210
0.086966
-0.065289
-0.126628
-0.209762
0.359040
-0.128849
-0.239355
-0.076980
-0.264762
0.055270
-0.328807
-0.164391
0.353705
-0.127860
-0.358258
-0.128754
0.307772
0.066069
0.191703
0.301065
-0.016122
0.301469
-0.185897
-0.053262
0.150348
0.176607
-0.256923
-0.105666
0.076910
0.090326
-0.242072
-0.194061
0.349982
-0.290688
-0.056220
-0.272910
-0.286964
-0.106136
0.225997
0.133762
-0.019888
0.158182
0.027360
-0.121716
0.194820
0.193389
0.345160
-0.357238
-0.277582
-0.101985
0.202602
-0.360584
-0.218665
-0.249595
-0.363038
0.207246
-0.092109
-0.003781
-0.144859
-0.333346
-0.248189
0.036489
-0.275555
-0.142358
-0.169657
-0.145905
-0.219635
0.174212
-0.309286
0.302496
-0.265104
0.277083
0.089026
-0.174057
0.139342
0.168274
0.254978
-0.049434
-0.221971
-0.014416
0.062914
-0.403432
0.094074
0.043434
0.133964
-0.183259
0.320557
-0.321853
0.089658
-0.270820
-0.134486
-0.342572
0.167230
-0.008814
0.223457
-0.209846
-0.228751
-0.158526
0.123187
-0.316144
-0.114075
0.412059
0.374082
-0.284479
-0.270723
-0.250205
0.077656
-0.247021
-0.254326
-0.067916
-0.308652
0.049785
0.181648
0.355946
0.316251
-0.227745
0.249210
0.117045
-0.086193
-0.256078
-0.311789
0.123058
0.327874
-0.304815
-0.146586
0.305687
0.370120
0.027656
-0.027098
-0.275066
-0.184305
-0.244393
0.099260
0.181786
0.380918
-0.204710
0.083556
0.204065
0.345132
0.163290
0.320229
0.156996
0.086921
-0.067347
-0.358843
0.058069
-0.164516
0.014525
-0.282007
-0.257768
-0.290056
0.275908
-0.043808
0.245621
0.116647
0.137018
0.262067
0.149908
0.201867
-0.128762
0.178471
-0.004957
-0.066594
-0.047941
-0.020847
0.193438
-0.047912
0.004969
-0.202923
-0.048832
-0.118381
-0.005703
0.281492
0.074255
0.184152
0.314736
-0.422029
-0.331667
-0.243771
-0.205041
-0.100020
-0.327236
0.043632
-0.196513
-0.237813
0.051099
-0.076140
-0.241940
0.108715
-0.209682
0.183401
0.104747
-0.054327
-0.345513
-0.184676
-0.285994
-0.339634
0.410819
-0.275851
-0.262390
-0.033994
0.274098
-0.045773
-0.163125
0.034358
-0.270670
0.411500
0.034245
0.168122
0.095977
-0.249318
0.028178
-0.252770
0.336929
-0.093752
-0.167510
0.003923
-0.194353
-0.285454
-0.170138
-0.025342
-0.196641
-0.254272
-0.218943
0.046205
0.128956
0.192004
0.165554
-0.293246
0.085728
-0.023340
0.250563
0.305167
-0.083790
0.265521
-0.312024
0.067688
0.034115
-0.158872
-0.012265
-0.309974
-0.232418
-0.147222
-0.214159
-0.155931
0.188665
0.160861
-0.275508
-0.058989
-0.376743
-0.084678
-0.119898
-0.266800
0.005161
-0.145929
-0.120907
-0.045245
-0.221114
-0.082444
0.232354
-0.263869
-0.264859
0.149885
0.246762
0.091538
-0.370917
0.215782
-0.368961
0.174480
0.276787
-0.211782
-0.271314
-0.253515
-0.413296
-0.078686
0.133144
-0.296469
-0.436575
0.232132
-0.119925
0.163273
0.131683
-0.306855
0.106160
-0.358188
-0.036464
0.378432
-0.168916
0.106398
0.116915
0.235954
-0.184544
0.103193
-0.302402
-0.004259
0.152286
0.307286
-0.190585
0.147392
-0.316154
0.244775
0.152110
-0.056082
-0.138027
-0.129253
-0.206205
0.256100
0.319773
0.016649
-0.213833
0.174765
-0.243651
-0.344002
-0.238500
-0.024263
0.308133
-0.032019
-0.148443
-0.118479
-0.236544
-0.084785
-0.344060
0.057022
0.167155
0.184711
0.040257
0.207049
0.019063
0.126409
-0.007551
0.133373
0.158834
-0.208112
0.233884
-0.260061
0.158779
0.188348
0.141558
-0.163056
-0.185882
0.157565
0.037713
-0.029728
-0.351403
-0.326615
-0.156082
-0.320108
0.200621
-0.052164
-0.154137
-0.278444
0.169638
-0.202185
0.112162
0.217720
-0.327071
-0.096682
0.200228
0.193205
-0.072150
0.081958
0.126343
-0.084537
-0.157971
0.204258
0.158869
0.214123
0.061859
-0.209123
-0.210418
-0.234847
-0.160374
0.281077
0.073439
-0.195621
0.255674
-0.172851
-0.125356
-0.239816
-0.352522
-0.396741
0.158234
0.038118
0.184975
-0.339904
-0.041883
-0.076644
0.083572
-0.135743
-0.472022
0.334270
-0.124970
-0.100999
0.011025
-0.293533
-0.046059
-0.357728
-0.411278
-0.410209
0.097625
0.141061
0.109775
0.167377
-0.295429
-0.224735
0.066122
0.251167
-0.113772
0.192617
-0.413110
-0.376365
-0.383956
-0.181989
-0.136210
-0.520432
0.062680
-0.173520
0.015886
-0.413440
-0.096959
0.137999
-0.376878
0.159161
0.274164
0.250826
-0.428834
-0.079596
-0.324679
0.137910
0.173063
-0.213798
-0.042837
-0.526067
-0.020910
-0.074688
0.129050
-0.067164
-0.189186
-0.504934
-0.178163
-0.078135
-0.095623
-0.369572
-0.292875
0.236930
-0.523958
-0.298713
-0.075959
-0.220055
0.098636
-0.306538
0.001941
0.058731
-0.042872
-0.355763
-0.343626
-0.141094
-0.111485
0.155208
-0.269112
-0.114573
0.008943
-0.302627
-0.269200
0.177329
0.139787
0.169375
0.013778
-0.298407
-0.216931
-0.176497
-0.303414
0.225399
0.062903
-0.495516
0.096763
-0.444055
-0.182031
-0.281637
-0.371737
0.091849
-0.168396
0.091476
0.085204
-0.062447
-0.446080
-0.049641
-0.207254
-0.123876
-0.199658
-0.112984
-0.086613
0.174373
0.115373
-0.124489
-0.418867
-0.015470
-0.451857
0.138742
0.182671
-0.485555
0.103048
-0.436807
-0.203655
0.196542
-0.380455
-0.439351
-0.105263
-0.001538
0.089068
-0.252265
-0.154199
-0.135937
-0.323765
0.014299
-0.514615
-0.215210
-0.354551
-0.111267
0.110822
-0.384365
0.071193
-0.280441
-0.091289
-0.332286
-0.012740
0.097217
0.254685
0.255575
-0.078915
-0.077864
-0.116724
-0.211067
0.142125
-0.331184
-0.068932
-0.159263
-0.306230
0.177321
-0.282736
-0.128229
0.238927
-0.350071
0.142297
0.147184
0.259789
-0.037249
-0.020236
-0.139121
0.025343
-0.074439
0.076142
0.215237
-0.444091
-0.081520
-0.271667
-0.102376
0.240699
-0.141877
-0.214301
-0.302033
0.113352
-0.211862
0.065488
0.088542
-0.144404
0.190478
-0.430749
-0.378632
-0.047902
-0.155750
0.102797
-0.107440
0.176343
0.260028
0.008217
-0.373792
0.195610
0.080374
0.197363
-0.294434
0.153053
-0.393054
0.056737
-0.291515
-0.383851
-0.317188
-0.385364
-0.350685
-0.369842
0.155969
0.145861
-0.437016
0.148077
-0.017066
0.194714
0.046162
0.164377
-0.090629
-0.330810
0.218622
-0.194154
-0.418261
0.028390
0.172100
0.085780
-0.247282
-0.480584
-0.318359
-0.302556
-0.211899
0.071132
-0.025137
-0.073818
-0.307590
-0.275359
-0.005972
-0.444105
-0.204922
-0.373087
0.020303
-0.074642
-0.017105
-0.118904
-0.245403
0.067291
0.238630
-0.075888
-0.493116
-0.236119
-0.143965
-0.134739
-0.050212
0.299226
0.123732
0.153842
0.301214
-0.213352
0.138860
0.126058
-0.174570
-0.372302
-0.286630
-0.499302
0.152708
0.056125
0.251842
-0.321131
-0.343517
-0.068019
-0.144093
-0.022574
-0.002813
-0.372333
-0.388579
-0.015921
0.190828
-0.007191
0.163335
0.076982
0.017078
0.217149
-0.484258
-0.420233
-0.231091
-0.303765
0.144293
-0.081918
-0.229043
-0.280989
0.151960
-0.062259
0.346932
0.220058
0.063409
-0.146087
-0.431504
0.143798
-0.067914
-0.223227
0.060077
-0.067135
-0.139156
-0.251179
0.126315
0.189404
0.112079
0.205022
-0.279629
-0.404575
0.156585
-0.021293
0.091224
-0.310968
-0.439527
-0.325188
-0.209380
0.126660
0.178027
-0.333749
-0.270025
-0.313543
-0.374386
0.009176
-0.348706
0.189323
-0.231024
-0.376377
0.119395
-0.200159
0.191138
-0.102951
-0.200060
-0.180885
-0.544528
0.015423
-0.300765
-0.140722
-0.353113
-0.023921
-0.145864
0.007291
-0.317626
0.212951
-0.018809
0.337079
-0.239638
-0.237976
-0.415355
-0.026372
0.086295
-0.553741
-0.008711
-0.214142
-0.533903
-0.071616
-0.248405
-0.242168
0.262720
-0.402304
-0.102315
-0.000124
0.306805
0.306506
0.040198
-0.477027
-0.171038
0.207107
0.173515
0.008918
-0.198755
-0.150167
0.213398
-0.309821
-0.333736
-0.370061
-0.276272
-0.423721
-0.149547
0.217216
0.092142
-0.143681
-0.398283
0.131091
0.214604
-0.333433
0.128181
0.240860
-0.397551
0.041011
-0.355517
0.033761
-0.034012
-0.240585
-0.253501
0.360914
-0.375157
0.009053
0.190013
-0.009771
-0.188121
-0.212639
-0.163203
-0.261890
-0.052058
0.059957
0.105927
-0.311978
0.027946
-0.203284
-0.273514
-0.122734
0.069721
0.214216
0.127104
-0.292668
-0.101491
-0.096192
-0.023296
-0.057131
-0.211439
-0.189203
-0.228940
0.023219
0.116392
0.186083
0.238090
-0.154952
0.200131
-0.267029
-0.332827
0.082861
-0.037699
-0.087657
-0.208093
0.293457
-0.405878
-0.154440
-0.254962
0.248956
-0.310888
-0.046008
-0.374455
-0.242998
-0.167135
-0.057275
-0.332666
0.002280
-0.371965
-0.307965
-0.310891
-0.063816
-0.247625
-0.185506
0.128959
-0.414965
-0.171351
-0.017674
-0.277492
-0.472643
0.226127
-0.383386
-0.132410
0.057107
-0.047724
0.204618
-0.285322
-0.215100
-0.218354
-0.037742
0.217381
-0.005059
-0.408971
-0.062716
0.127795
0.147867
0.065457
0.201221
0.233914
0.323275
0.103035
0.028794
0.163249
-0.152013
0.156713
0.130140
0.239922
-0.339500
0.137557
0.099122
-0.085997
-0.082175
-0.060112
-0.187028
0.126293
-0.261973
0.002960
0.193031
0.222645
-0.495138
0.341052
-0.132257
0.183191
-0.239449
0.244404
0.143359
0.254211
-0.354521
-0.212459
0.286821
0.083703
-0.076368
-0.274772
-0.306816
-0.041965
0.130450
-0.310664
-0.012028
-0.138612
-0.155214
0.083169
-0.242462
0.001889
0.153829
-0.038213
-0.183399
-0.384947
-0.378613
-0.319479
0.245392
0.114558
-0.354826
-0.267089
-0.352834
0.124795
0.257613
-0.146205
-0.116419
0.004358
-0.308748
-0.271895
0.313528
-0.026123
-0.383199
-0.077723
-0.048611
-0.363688
-0.243134
0.237937
-0.086981
